0.083 136.6 1.111 66.59 102.0
0.125 134.1 1.111 56.59 22.81
0.167 131.9 1.111 63.25 22.81
0.209 128.9 1.111 59.93 45.61
0.250 126.9 1.111 53.27 136.8
0.292 124.4 1.111 53.26 136.8
0.334 122.5 1.111 39.95 91.22
0.375 121.1 1.111 43.28 22.81
0.417 118.9 1.111 43.28 68.42
0.459 117.5 1.111 33.29 136.8
0.501 116.1 1.111 33.29 91.22
0.542 114.7 1.111 26.63 136.8
0.584 113.9 1.111 19.98 91.22
0.626 113.0 1.111 19.97 91.22
0.667 112.2 1.111 13.32 91.22
0.709 111.9 1.111 9.988 114.0
0.751 111.4 1.111 6.659 91.22
0.792 111.4 1.111 0.000 136.8
0.834 111.4 1.111 3.329 114.0
0.876 111.6 1.111 9.988 68.42
0.918 112.2 1.111 9.988 22.81
0.959 112.5 1.111 9.987 114.0
1.001 113.0 1.111 19.97 182.4
1.043 114.1 1.111 26.63 91.22
1.084 115.2 1.111 26.63 45.61
1.126 116.4 1.111 29.96 68.42
1.168 117.7 1.111 33.29 91.22
1.210 119.1 1.111 36.62 68.42
1.251 120.8 1.111 39.95 182.4
1.293 122.5 1.111 49.93 159.6
1.335 125.0 1.111 56.59 68.42
1.376 127.2 1.111 53.27 45.61
1.418 129.4 1.111 53.27 45.61
1.460 131.6 1.111 56.59 22.81
1.502 134.1 1.111 56.59 159.6
1.543 136.4 1.111 66.59 0.000
1.585 139.7 1.111 63.26 68.42
1.627 141.6 1.111 63.25 22.81
1.668 145.0 1.111 69.91 159.6
1.710 147.5 1.111 69.91 22.81
1.752 150.8 1.111 73.24 45.61
1.793 153.6 1.111 69.91 114.0
1.835 156.6 1.111 66.58 45.61
1.877 159.1 1.111 69.91 68.42
1.919 162.5 1.111 66.59 91.22
1.960 164.7 1.111 56.59 250.9
2.002 167.2 1.111 49.93 50.99
2.044 168.8 1.111 53.37 50.99
2.085 171.6 0.833 53.27 64.50
2.127 173.3 1.111 43.40 206.5
2.169 175.2 1.111 39.95 64.50
2.211 176.6 1.111 36.62 114.0
2.252 178.3 1.111 33.29 91.22
2.294 179.4 1.111 26.63 182.4
2.336 180.5 1.111 19.97 136.8
2.377 181.1 1.111 13.32 273.7
2.419 181.6 1.111 0.000 182.4
2.461 181.1 1.111 6.658 45.61
2.502 181.1 1.111 0.000 0.000
2.544 181.1 1.111 6.659 273.7
2.586 180.5 1.111 23.30 250.9
2.628 179.1 1.111 29.96 114.0
2.669 178.0 1.111 29.96 114.0
2.711 176.6 1.111 39.95 182.4
2.753 174.7 1.111 46.61 91.22
2.794 172.7 1.111 46.60 136.8
2.836 170.8 1.111 56.59 68.42
2.878 168.0 1.111 56.60 68.42
2.920 166.1 1.111 56.60 22.81
2.961 163.3 1.111 63.25 68.42
3.003 160.8 1.111 59.92 91.22
3.045 158.3 1.111 69.91 114.0
3.086 155.0 1.111 73.24 0.000
3.128 152.2 1.111 66.58 136.8
3.170 149.4 1.111 83.22 68.42