0.083 -5.276 -34.99 73.92 159.6
0.125 -8.053 -34.43 65.40 133.0
0.167 -10.55 -33.60 69.51 144.2
0.209 -13.61 -32.77 68.63 194.8
0.250 -15.83 -31.38 75.99 146.0
0.292 -19.16 -29.71 73.08 206.5
0.334 -21.11 -28.33 54.60 210.3
0.375 -22.77 -26.94 68.31 194.8
0.417 -25.27 -24.44 75.33 102.0
0.459 -27.21 -22.49 66.08 133.0
0.501 -28.88 -20.27 73.91 183.9
0.542 -30.82 -17.50 68.55 136.8
0.584 -31.66 -15.27 62.55 153.0
0.626 -33.05 -12.77 71.71 129.0
0.667 -33.88 -9.719 68.63 183.9
0.709 -34.43 -7.220 71.17 94.03
0.751 -34.99 -3.888 70.62 161.3
0.792 -35.27 -1.388 63.25 183.9
0.834 -34.99 1.388 70.22 114.0
0.876 -34.71 4.443 70.23 94.03
0.918 -34.43 7.220 67.90 193.5
0.959 -33.60 9.997 63.16 164.4
1.001 -32.77 12.22 61.20 133.0
1.043 -31.66 14.72 73.02 166.0
1.084 -30.27 17.77 73.09 133.0
1.126 -28.60 19.99 64.63 238.1
1.168 -27.21 22.22 61.38 129.0
1.210 -25.27 23.88 63.61 82.22
1.251 -23.33 25.83 61.21 161.3
1.293 -21.66 27.49 71.24 173.7
1.335 -18.61 29.44 74.81 178.1
1.376 -16.38 30.82 67.00 210.3
1.418 -13.61 31.94 62.55 146.0
1.460 -11.66 33.05 67.40 116.3
1.502 -8.331 33.88 65.40 225.8
1.543 -6.387 34.43 67.33 122.8
1.585 -2.777 34.71 70.23 242.4
1.627 -0.555 34.99 69.98 234.8
1.668 3.055 34.43 63.60 178.1
1.710 4.721 34.43 67.33 82.22
1.752 8.609 33.60 75.11 166.0
1.793 10.83 33.05 63.16 188.1
1.835 13.61 31.94 67.40 206.5
1.877 16.11 31.10 68.55 164.4
1.919 18.61 29.16 64.64 114.0
1.960 20.55 28.05 60.01 68.42
2.002 22.77 26.38 63.94 122.8
2.044 24.72 24.72 54.20 146.0
2.085 26.10 23.33 61.39 136.8
2.127 28.05 20.83 68.63 114.0
2.169 29.71 18.88 60.01 146.0
2.211 30.82 16.66 71.48 224.6
2.252 32.49 13.61 76.07 133.0
2.294 33.32 10.83 69.51 266.0
2.336 34.16 8.053 61.38 102.0
2.377 34.43 5.832 60.75 68.42
2.419 34.99 3.055 64.04 234.8
2.461 35.27 0.555 73.23 188.1
2.502 34.99 -3.055 73.54 193.5
2.544 34.71 -5.554 57.47 161.3
2.586 34.16 -7.776 75.92 164.4
2.628 33.05 -11.66 76.85 94.03
2.669 32.21 -13.88 60.01 246.7
2.711 31.38 -16.38 68.55 288.5
2.753 29.44 -18.88 78.57 122.8
2.794 27.49 -21.66 64.63 138.7
2.836 26.38 -23.33 61.38 144.2
2.878 24.16 -25.55 65.92 228.1
2.920 22.49 -27.21 68.63 122.8
2.961 19.72 -29.16 69.27 138.7
3.003 17.77 -30.55 58.23 173.7
3.045 15.55 -31.66 68.63 166.0
3.086 12.50 -32.77 71.71 102.0
3.128 9.997 -33.88 66.33 146.0
3.170 7.220 -34.43 78.35 225.8