0.044 -88.0 67.9
0.089 -85.0 57.5
0.133 -82.9 59.5
0.178 -79.7 58.3
0.222 -77.7 55.7
0.267 -74.7 61.6
0.311 -72.2 65.1
0.356 -69.0 62.4
0.400 -66.7 51.8
0.444 -64.4 62.1
0.489 -61.1 61.9
0.533 -58.9 51.2
0.578 -56.6 66.8
0.622 -52.9 66.2
0.667 -50.7 57.0
0.711 -47.9 56.1
0.756 -45.7 64.4
0.800 -42.1 65.1
0.844 -39.9 57.0
0.889 -37.1 67.0
0.933 -34.0 57.0
0.978 -32.0 53.2
1.022 -29.2 61.2
1.067 -26.6 66.5
1.111 -23.3 51.5
1.156 -22.0 44.4
1.200 -19.4 61.7
1.244 -16.5 65.8
1.289 -13.5 58.4
1.333 -11.3 59.2
1.378 -8.3 69.8
1.422 -5.1 70.1
1.467 -2.0 45.9
1.511 -1.0 46.0
1.556 2.0 69.9
1.600 5.2 70.1
1.644 8.3 57.5
1.689 10.3 47.8
1.733 12.5 61.8
1.778 15.8 70.1
1.822 18.8 69.6
1.867 22.0 62.1
1.911 24.3 51.5
1.956 26.6 57.2
2.000 29.4 67.3
2.044 32.6 61.5
2.089 34.8 50.9
2.133 37.1 57.5
2.178 39.9 64.7
2.222 42.8 65.1
2.267 45.7 48.9
2.311 47.2 56.1
2.356 50.7 64.7
2.400 52.9 50.2
2.444 55.2 66.8
2.489 58.9 77.3
2.533 62.0 61.9
2.578 64.4 62.7
2.622 67.6 51.8
2.667 69.0 51.7
2.711 72.2 62.0
2.756 74.5 59.1
2.800 77.5 58.7
2.844 79.7 59.4
2.889 82.7 70.0
2.933 85.9 69.9
2.978 89.0 57.5
3.022 91.0 46.2
3.067 93.1 57.3
3.111 96.1 57.0
3.156 98.1 58.4
3.200 101.3 69.2
3.244 104.3 61.7
3.289 106.8 54.1
3.333 109.1 58.4
3.378 112.0 47.7
3.422 113.3 61.7
3.467 117.5 72.1
3.511 119.7 66.8
3.556 123.4 66.5
3.600 125.7 57.3
3.644 128.5 55.6
3.689 130.6 56.6
3.733 133.5 66.0
3.778 136.5 57.3
3.822 138.6 65.7
3.867 142.3 80.2
3.911 145.8 57.9
3.956 147.4 44.9
4.000 149.7 67.3
4.044 153.4 67.3
4.089 155.7 47.1
4.133 157.6 51.2
4.178 160.3 51.7
4.222 162.2 58.4
4.267 165.5 72.8
4.311 168.7 59.0
4.356 170.7 58.4
4.400 173.9 59.4
4.444 176.0 57.3
4.489 179.0 45.2
4.533 180.0 57.5
4.578 184.1 91.5
4.622 188.1 58.6
4.667 189.3 49.5
4.711 192.5 47.7
4.756 193.5 70.1
4.800 198.8 80.3
4.844 200.7 51.5
4.889 203.3 50.9
4.933 205.2 56.6
4.978 208.4 66.8
5.022 211.1 56.7
5.067 213.4 57.5
5.111 216.3 57.3
5.156 218.5 66.2
5.200 222.1 57.0
5.244 223.6 56.7
5.289 227.2 73.1
5.333 230.1 48.7
5.378 231.5 48.2
5.422 234.3 66.9
5.467 237.4 66.5
5.511 240.3 57.1
5.556 242.5 51.1
5.600 244.8 51.1
5.644 247.1 65.4
5.689 250.6 83.3
5.733 254.5 57.4
5.778 255.7 38.6
5.822 257.9 59.7
5.867 261.0 68.5
5.911 264.0 67.0
5.956 267.0 56.1